// Kalibrierung 01.08.2008 (oranges Ungeheuer) Kamera Marlin rechts vorne

//in Pixel
SensorBreitePix=1392
SensorHoehePix=1040

//Pixelgroeﬂe in [mm]
Pixelgroesse=0.004650071839

//KameraKonstante in [mm]
c=-8.38534

// Werte der inneren Orientierung
// Hauptpunkt [mm]
xh=0.03999
yh=0.06654

// Verzeichnungsparameter Radialsymmetrik
a1=-0.00327838
a2=6.03957e-005
a3=0

// asymmterische und tangentiale Verzeichnung
b1=0.000120815
b2=-8.24913e-005

// Affinit‰t und Scherung
c1=0.00101807
c2=0.000634943

// r0-Parameter
r0=2.43

// ‰uﬂere Orientierung
// Bildhauptpunkt [mm]
dx=-1110.980262
dy=-19.19089433
dz=-110.7943745

// Orientierungswinkel in [rad]
rotx=0.01222092435
roty=-0.1781892587
rotz=0.03237521113
